54
85
1 2
2 3
3 4
4 8
4 10
4 5
5 6
5 11
6 7
11 10
11 27
10 25
10 9
9 8
9 24
9 12
8 13
13 14
13 12
12 21
12 23
21 14
21 22
21 20
14 15
15 20
15 16
20 19
20 28
19 16
19 18
19 29
16 17
17 18
18 32
18 54
32 31
32 53
31 33
31 30
30 29
30 37
30 39
29 28
28 39
28 22
22 40
22 23
23 43
23 24
24 44
24 25
25 45
25 26
26 46
26 27
46 45
45 47
45 44
47 42
44 43
43 42
43 40
42 41
40 41
40 39
41 38
39 38
38 37
38 49
37 33
33 34
33 48
48 49
34 35
34 51
35 36
36 48
35 50
50 51
51 53
50 52
52 53
53 54
